list(n=1.44000E+02, J=1.30000E+01, y=c(5.19000E+01, 5.05000E+01, 4.50000E+01, 5.01000E+01, 2.70000E+01, 5.00000E+01, 4.58000E+01, 4.80000E+01, 5.01000E+01, 4.68000E+01, 5.62000E+01, 3.55000E+01, 5.20000E+01, 4.60000E+01, 5.95000E+01, 4.00000E+01, 4.20000E+01, 5.90000E+01, 5.10000E+01, 4.20000E+01, 3.80000E+01, 3.65000E+01, 4.75000E+01, 4.55000E+01, 5.40000E+01, 3.90000E+01, 5.50000E+01, 4.25000E+01, 4.40000E+01, 6.20000E+01, 5.70000E+01, 5.00000E+01, 4.70000E+01, 5.05000E+01, 5.60000E+01, 5.02000E+01, 5.43000E+01, 4.94000E+01, 5.92000E+01, 3.21000E+01, 5.40000E+01, 6.42000E+01, 4.57000E+01, 4.98000E+01, 4.80000E+01, 5.26000E+01, 4.72000E+01, 5.03000E+01, 5.19000E+01, 4.41000E+01, 4.49000E+01, 6.53000E+01, 3.61000E+01, 4.84000E+01, 6.85000E+01, 5.58000E+01, 4.43000E+01, 4.79000E+01, 4.81000E+01, 5.27000E+01, 5.04000E+01, 4.01000E+01, 1.73000E+01, 3.83000E+01, 5.46000E+01, 3.28000E+01, 5.24000E+01, 6.13000E+01, 5.46000E+01, 5.08000E+01, 5.06000E+01, 2.80000E+01, 5.12000E+01, 4.78000E+01, 5.60000E+01, 4.53000E+01, 4.89000E+01, 4.36000E+01, 3.86000E+01, 4.49000E+01, 6.15000E+01, 5.95000E+01, 5.43000E+01, 5.05000E+01, 5.57000E+01, 4.48000E+01, 5.89000E+01, 6.02000E+01, 4.96000E+01, 5.72000E+01, 6.05000E+01, 4.44000E+01, 5.21000E+01, 5.39000E+01, 5.40000E+01, 5.43000E+01, 5.51000E+01, 4.89000E+01, 5.21000E+01, 4.99000E+01, 5.05000E+01, 6.01000E+01, 6.45000E+01, 4.28000E+01, 5.63000E+01, 6.69000E+01, 4.65000E+01, 4.37000E+01, 5.85000E+01, 5.56000E+01, 5.32000E+01, 6.22000E+01, 6.57000E+01, 4.10000E+01, 5.78000E+01, 6.33000E+01, 5.76000E+01, 5.89000E+01, 5.63000E+01, 5.91000E+01, 5.06000E+01, 5.45000E+01, 5.67000E+01, 5.65000E+01, 6.56000E+01, 5.13000E+01, 5.43000E+01, 6.15000E+01, 5.14000E+01, 5.00000E+01, 5.09000E+01, 5.44000E+01, 6.63000E+01, 6.22000E+01, 6.20000E+01, 6.56000E+01, 6.60000E+01, 4.13000E+01, 5.50000E+01, 6.40000E+01, 5.98000E+01, 6.05000E+01, 5.98000E+01, 6.08000E+01))
