list(sigma.a=8.30183E-01, sigma.y=3.74363E-01, mu=-7.17712E-02)
