list(sigma.a=3.04150E-02, sigma.y=9.52098E-01, mu=-9.49253E-01)
