list(sigma.a=9.73701E-01, sigma.y=5.16341E-01, mu=-1.29874E+00)
